&general
  PREFIX = graphene
  MODE = NEGF
  NAT = 64
  NKD = 1
  KD = C
  MASS = 12.0107
/


&negf
  IMAG_DELTA = 1e-6
  CRITERION = 1e-6
  FREQ_MAX = 1800
  FREQ_DIV = 1800
/


&interaction
  NORDER = 1  # 1: harmonic, 2: cubic, ..
/


&cell 
  32.2009331699 
  1.0000000000  0.0000000000  0.0000000000 
  0.0000000000  0.5773502692  0.0000000000 
  0.0000000000  0.0000000000  1.1737089202 
/ 

&unit_cell 
  8.050233292475
  1.0000000000  0.0000000000  0.0000000000 
  0.0000000000  1.1547005384  0.0000000000 
  0.0000000000  0.0000000000  4.6948356808 
/ 

  #0.0000000000  0.5773502692  0.0000000000 
  #0.0000000000  1.1547005384  0.0000000000 


&cutoff 
  C-C 16.0
/


&direction
  0 1 0  # x y z  
/


&kpoint
  3        # 3 : for dynamical matrix 
  128 1 1  # kx ky kz
/

&position
    1  0.0000000000  0.0000000000  0.0000000000
    1  0.1666666667  0.0000000000  0.0000000000
    1  0.0416666667  0.1249999925  0.0000000000
    1  0.1250000000  0.1249999925  0.0000000000
    1  0.0000000000  0.2500000000  0.0000000000
    1  0.1666666667  0.2500000000  0.0000000000
    1  0.0416666667  0.3749999925  0.0000000000
    1  0.1250000000  0.3749999925  0.0000000000
    1  0.0000000000  0.5000000000  0.0000000000
    1  0.1666666667  0.5000000000  0.0000000000
    1  0.0416666667  0.6249999925  0.0000000000
    1  0.1250000000  0.6249999925  0.0000000000
    1  0.0000000000  0.7500000000  0.0000000000
    1  0.1666666667  0.7500000000  0.0000000000
    1  0.0416666667  0.8749999925  0.0000000000
    1  0.1250000000  0.8749999925  0.0000000000
    1  0.2500000000  0.0000000000  0.0000000000
    1  0.4166666667  0.0000000000  0.0000000000
    1  0.2916666667  0.1249999925  0.0000000000
    1  0.3750000000  0.1249999925  0.0000000000
    1  0.2500000000  0.2500000000  0.0000000000
    1  0.4166666667  0.2500000000  0.0000000000
    1  0.2916666667  0.3749999925  0.0000000000
    1  0.3750000000  0.3749999925  0.0000000000
    1  0.2500000000  0.5000000000  0.0000000000
    1  0.4166666667  0.5000000000  0.0000000000
    1  0.2916666667  0.6249999925  0.0000000000
    1  0.3750000000  0.6249999925  0.0000000000
    1  0.2500000000  0.7500000000  0.0000000000
    1  0.4166666667  0.7500000000  0.0000000000
    1  0.2916666667  0.8749999925  0.0000000000
    1  0.3750000000  0.8749999925  0.0000000000
    1  0.5000000000  0.0000000000  0.0000000000
    1  0.6666666667  0.0000000000  0.0000000000
    1  0.5416666667  0.1249999925  0.0000000000
    1  0.6250000000  0.1249999925  0.0000000000
    1  0.5000000000  0.2500000000  0.0000000000
    1  0.6666666667  0.2500000000  0.0000000000
    1  0.5416666667  0.3749999925  0.0000000000
    1  0.6250000000  0.3749999925  0.0000000000
    1  0.5000000000  0.5000000000  0.0000000000
    1  0.6666666667  0.5000000000  0.0000000000
    1  0.5416666667  0.6249999925  0.0000000000
    1  0.6250000000  0.6249999925  0.0000000000
    1  0.5000000000  0.7500000000  0.0000000000
    1  0.6666666667  0.7500000000  0.0000000000
    1  0.5416666667  0.8749999925  0.0000000000
    1  0.6250000000  0.8749999925  0.0000000000
    1  0.7500000000  0.0000000000  0.0000000000
    1  0.9166666667  0.0000000000  0.0000000000
    1  0.7916666667  0.1249999925  0.0000000000
    1  0.8750000000  0.1249999925  0.0000000000
    1  0.7500000000  0.2500000000  0.0000000000
    1  0.9166666667  0.2500000000  0.0000000000
    1  0.7916666667  0.3749999925  0.0000000000
    1  0.8750000000  0.3749999925  0.0000000000
    1  0.7500000000  0.5000000000  0.0000000000
    1  0.9166666667  0.5000000000  0.0000000000
    1  0.7916666667  0.6249999925  0.0000000000
    1  0.8750000000  0.6249999925  0.0000000000
    1  0.7500000000  0.7500000000  0.0000000000
    1  0.9166666667  0.7500000000  0.0000000000
    1  0.7916666667  0.8749999925  0.0000000000
    1  0.8750000000  0.8749999925  0.0000000000
 /
