&general
 PREFIX = si222
 MODE = fitting
 NAT = 64; NKD = 1
 KD = Si
 HESSIAN = 1
/

&interaction
 NORDER = 1
/

&cutoff
 Si-Si None
/

&fitting
 NDATA = 1
 DFILE = disp.data
 FFILE = force.data
 #FC2XML = si222_harm_acc.xml
 #NDATA = 20
 #DFILE = disp_cubic.dat
 #FFILE = force_cubic_acc.dat
/


&cell
20.43323
1.0 0.0 0.0
0.0 1.0 0.0
0.0 0.0 1.0
/

&position
1 0.000000000000000 0.000000000000000 0.000000000000000
1 0.000000000000000 0.000000000000000 0.500000000000000
1 0.000000000000000 0.250000000000000 0.250000000000000
1 0.000000000000000 0.250000000000000 0.750000000000000
1 0.000000000000000 0.500000000000000 0.000000000000000
1 0.000000000000000 0.500000000000000 0.500000000000000
1 0.000000000000000 0.750000000000000 0.250000000000000
1 0.000000000000000 0.750000000000000 0.750000000000000
1 0.125000000000000 0.125000000000000 0.125000000000000
1 0.125000000000000 0.125000000000000 0.625000000000000
1 0.125000000000000 0.375000000000000 0.375000000000000
1 0.125000000000000 0.375000000000000 0.875000000000000
1 0.125000000000000 0.625000000000000 0.125000000000000
1 0.125000000000000 0.625000000000000 0.625000000000000
1 0.125000000000000 0.875000000000000 0.375000000000000
1 0.125000000000000 0.875000000000000 0.875000000000000
1 0.250000000000000 0.000000000000000 0.250000000000000
1 0.250000000000000 0.000000000000000 0.750000000000000
1 0.250000000000000 0.250000000000000 0.000000000000000
1 0.250000000000000 0.250000000000000 0.500000000000000
1 0.250000000000000 0.500000000000000 0.250000000000000
1 0.250000000000000 0.500000000000000 0.750000000000000
1 0.250000000000000 0.750000000000000 0.000000000000000
1 0.250000000000000 0.750000000000000 0.500000000000000
1 0.375000000000000 0.125000000000000 0.375000000000000
1 0.375000000000000 0.125000000000000 0.875000000000000
1 0.375000000000000 0.375000000000000 0.125000000000000
1 0.375000000000000 0.375000000000000 0.625000000000000
1 0.375000000000000 0.625000000000000 0.375000000000000
1 0.375000000000000 0.625000000000000 0.875000000000000
1 0.375000000000000 0.875000000000000 0.125000000000000
1 0.375000000000000 0.875000000000000 0.625000000000000
1 0.500000000000000 0.000000000000000 0.000000000000000
1 0.500000000000000 0.000000000000000 0.500000000000000
1 0.500000000000000 0.250000000000000 0.250000000000000
1 0.500000000000000 0.250000000000000 0.750000000000000
1 0.500000000000000 0.500000000000000 0.000000000000000
1 0.500000000000000 0.500000000000000 0.500000000000000
1 0.500000000000000 0.750000000000000 0.250000000000000
1 0.500000000000000 0.750000000000000 0.750000000000000
1 0.625000000000000 0.125000000000000 0.125000000000000
1 0.625000000000000 0.125000000000000 0.625000000000000
1 0.625000000000000 0.375000000000000 0.375000000000000
1 0.625000000000000 0.375000000000000 0.875000000000000
1 0.625000000000000 0.625000000000000 0.125000000000000
1 0.625000000000000 0.625000000000000 0.625000000000000
1 0.625000000000000 0.875000000000000 0.375000000000000
1 0.625000000000000 0.875000000000000 0.875000000000000
1 0.750000000000000 0.000000000000000 0.250000000000000
1 0.750000000000000 0.000000000000000 0.750000000000000
1 0.750000000000000 0.250000000000000 0.000000000000000
1 0.750000000000000 0.250000000000000 0.500000000000000
1 0.750000000000000 0.500000000000000 0.250000000000000
1 0.750000000000000 0.500000000000000 0.750000000000000
1 0.750000000000000 0.750000000000000 0.000000000000000
1 0.750000000000000 0.750000000000000 0.500000000000000
1 0.875000000000000 0.125000000000000 0.375000000000000
1 0.875000000000000 0.125000000000000 0.875000000000000
1 0.875000000000000 0.375000000000000 0.125000000000000
1 0.875000000000000 0.375000000000000 0.625000000000000
1 0.875000000000000 0.625000000000000 0.375000000000000
1 0.875000000000000 0.625000000000000 0.875000000000000
1 0.875000000000000 0.875000000000000 0.125000000000000
1 0.875000000000000 0.875000000000000 0.625000000000000
/

