&general
    PREFIX = si222
    MODE = NEGF
    NAT = 64
    NKD = 1
    KD = Si
    MASS = 28.0855
/

&negf
    IMAG_DELTA = 1e-6
    CRITERION = 1e-6
    FREQ_MAX = 550  # cm^{-1}
    FREQ_DIV = 550
/

&cutoff
 Si-Si 15.0
/

&cell
20.4332306
1.0 0.0 0.0
0.0 1.0 0.0
0.0 0.0 1.0
/

&unit_cell
 10.2166153 # factor in Bohr unit
    1.0 0.0 0.0 # u1
    0.0 1.0 0.0 # u2
    0.0 0.0 1.0 # u3
/

 &direction
    1 0 0  # x y z  transport direction: 1 / other direction: 0
/


&kpoint
    3        # 3 : for dynamical matrix
    1 20 20  # kx ky kz  kpoint for transport direction should be 1.
/


&position
1 0.000000000000000 0.000000000000000 0.000000000000000
1 0.000000000000000 0.000000000000000 0.500000000000000
1 0.000000000000000 0.250000000000000 0.250000000000000
1 0.000000000000000 0.250000000000000 0.750000000000000
1 0.000000000000000 0.500000000000000 0.000000000000000
1 0.000000000000000 0.500000000000000 0.500000000000000
1 0.000000000000000 0.750000000000000 0.250000000000000
1 0.000000000000000 0.750000000000000 0.750000000000000
1 0.125000000000000 0.125000000000000 0.125000000000000
1 0.125000000000000 0.125000000000000 0.625000000000000
1 0.125000000000000 0.375000000000000 0.375000000000000
1 0.125000000000000 0.375000000000000 0.875000000000000
1 0.125000000000000 0.625000000000000 0.125000000000000
1 0.125000000000000 0.625000000000000 0.625000000000000
1 0.125000000000000 0.875000000000000 0.375000000000000
1 0.125000000000000 0.875000000000000 0.875000000000000
1 0.250000000000000 0.000000000000000 0.250000000000000
1 0.250000000000000 0.000000000000000 0.750000000000000
1 0.250000000000000 0.250000000000000 0.000000000000000
1 0.250000000000000 0.250000000000000 0.500000000000000
1 0.250000000000000 0.500000000000000 0.250000000000000
1 0.250000000000000 0.500000000000000 0.750000000000000
1 0.250000000000000 0.750000000000000 0.000000000000000
1 0.250000000000000 0.750000000000000 0.500000000000000
1 0.375000000000000 0.125000000000000 0.375000000000000
1 0.375000000000000 0.125000000000000 0.875000000000000
1 0.375000000000000 0.375000000000000 0.125000000000000
1 0.375000000000000 0.375000000000000 0.625000000000000
1 0.375000000000000 0.625000000000000 0.375000000000000
1 0.375000000000000 0.625000000000000 0.875000000000000
1 0.375000000000000 0.875000000000000 0.125000000000000
1 0.375000000000000 0.875000000000000 0.625000000000000
1 0.500000000000000 0.000000000000000 0.000000000000000
1 0.500000000000000 0.000000000000000 0.500000000000000
1 0.500000000000000 0.250000000000000 0.250000000000000
1 0.500000000000000 0.250000000000000 0.750000000000000
1 0.500000000000000 0.500000000000000 0.000000000000000
1 0.500000000000000 0.500000000000000 0.500000000000000
1 0.500000000000000 0.750000000000000 0.250000000000000
1 0.500000000000000 0.750000000000000 0.750000000000000
1 0.625000000000000 0.125000000000000 0.125000000000000
1 0.625000000000000 0.125000000000000 0.625000000000000
1 0.625000000000000 0.375000000000000 0.375000000000000
1 0.625000000000000 0.375000000000000 0.875000000000000
1 0.625000000000000 0.625000000000000 0.125000000000000
1 0.625000000000000 0.625000000000000 0.625000000000000
1 0.625000000000000 0.875000000000000 0.375000000000000
1 0.625000000000000 0.875000000000000 0.875000000000000
1 0.750000000000000 0.000000000000000 0.250000000000000
1 0.750000000000000 0.000000000000000 0.750000000000000
1 0.750000000000000 0.250000000000000 0.000000000000000
1 0.750000000000000 0.250000000000000 0.500000000000000
1 0.750000000000000 0.500000000000000 0.250000000000000
1 0.750000000000000 0.500000000000000 0.750000000000000
1 0.750000000000000 0.750000000000000 0.000000000000000
1 0.750000000000000 0.750000000000000 0.500000000000000
1 0.875000000000000 0.125000000000000 0.375000000000000
1 0.875000000000000 0.125000000000000 0.875000000000000
1 0.875000000000000 0.375000000000000 0.125000000000000
1 0.875000000000000 0.375000000000000 0.625000000000000
1 0.875000000000000 0.625000000000000 0.375000000000000
1 0.875000000000000 0.625000000000000 0.875000000000000
1 0.875000000000000 0.875000000000000 0.125000000000000
1 0.875000000000000 0.875000000000000 0.625000000000000
/

