&general
  PREFIX = graphene
  MODE = fitting
  NAT = 64
  NKD = 1
  KD = C
  PERIODIC = 1 1 0
  HESSIAN = 1
/

&interaction
  NORDER = 1  # 1: harmonic, 2: cubic, ..
/

&fitting
  NDATA = 4
  DFILE = disp.data
  FFILE = force.data
/

&cell 
  32.2009331699 
  1.0000000000  0.0000000000  0.0000000000 
  0.0000000000  0.5773502692  0.0000000000 
  0.0000000000  0.0000000000  1.1737089202 
/ 

&cutoff 
  C-C 16.0
/

&position
    1  0.0000000000  0.0000000000  0.0000000000
    1  0.1666666667  0.0000000000  0.0000000000
    1  0.0416666667  0.1249999925  0.0000000000
    1  0.1250000000  0.1249999925  0.0000000000
    1  0.0000000000  0.2500000000  0.0000000000
    1  0.1666666667  0.2500000000  0.0000000000
    1  0.0416666667  0.3749999925  0.0000000000
    1  0.1250000000  0.3749999925  0.0000000000
    1  0.0000000000  0.5000000000  0.0000000000
    1  0.1666666667  0.5000000000  0.0000000000
    1  0.0416666667  0.6249999925  0.0000000000
    1  0.1250000000  0.6249999925  0.0000000000
    1  0.0000000000  0.7500000000  0.0000000000
    1  0.1666666667  0.7500000000  0.0000000000
    1  0.0416666667  0.8749999925  0.0000000000
    1  0.1250000000  0.8749999925  0.0000000000
    1  0.2500000000  0.0000000000  0.0000000000
    1  0.4166666667  0.0000000000  0.0000000000
    1  0.2916666667  0.1249999925  0.0000000000
    1  0.3750000000  0.1249999925  0.0000000000
    1  0.2500000000  0.2500000000  0.0000000000
    1  0.4166666667  0.2500000000  0.0000000000
    1  0.2916666667  0.3749999925  0.0000000000
    1  0.3750000000  0.3749999925  0.0000000000
    1  0.2500000000  0.5000000000  0.0000000000
    1  0.4166666667  0.5000000000  0.0000000000
    1  0.2916666667  0.6249999925  0.0000000000
    1  0.3750000000  0.6249999925  0.0000000000
    1  0.2500000000  0.7500000000  0.0000000000
    1  0.4166666667  0.7500000000  0.0000000000
    1  0.2916666667  0.8749999925  0.0000000000
    1  0.3750000000  0.8749999925  0.0000000000
    1  0.5000000000  0.0000000000  0.0000000000
    1  0.6666666667  0.0000000000  0.0000000000
    1  0.5416666667  0.1249999925  0.0000000000
    1  0.6250000000  0.1249999925  0.0000000000
    1  0.5000000000  0.2500000000  0.0000000000
    1  0.6666666667  0.2500000000  0.0000000000
    1  0.5416666667  0.3749999925  0.0000000000
    1  0.6250000000  0.3749999925  0.0000000000
    1  0.5000000000  0.5000000000  0.0000000000
    1  0.6666666667  0.5000000000  0.0000000000
    1  0.5416666667  0.6249999925  0.0000000000
    1  0.6250000000  0.6249999925  0.0000000000
    1  0.5000000000  0.7500000000  0.0000000000
    1  0.6666666667  0.7500000000  0.0000000000
    1  0.5416666667  0.8749999925  0.0000000000
    1  0.6250000000  0.8749999925  0.0000000000
    1  0.7500000000  0.0000000000  0.0000000000
    1  0.9166666667  0.0000000000  0.0000000000
    1  0.7916666667  0.1249999925  0.0000000000
    1  0.8750000000  0.1249999925  0.0000000000
    1  0.7500000000  0.2500000000  0.0000000000
    1  0.9166666667  0.2500000000  0.0000000000
    1  0.7916666667  0.3749999925  0.0000000000
    1  0.8750000000  0.3749999925  0.0000000000
    1  0.7500000000  0.5000000000  0.0000000000
    1  0.9166666667  0.5000000000  0.0000000000
    1  0.7916666667  0.6249999925  0.0000000000
    1  0.8750000000  0.6249999925  0.0000000000
    1  0.7500000000  0.7500000000  0.0000000000
    1  0.9166666667  0.7500000000  0.0000000000
    1  0.7916666667  0.8749999925  0.0000000000
    1  0.8750000000  0.8749999925  0.0000000000
 /
